   1.57012232536141      -5.673735558623026E-002 -5.792828562756667E-019
  2.815860094336745E-019  0.000000000000000E+000  2.140573853366905E-020
 -1.836820750064276E-021 -6.776263578034403E-021 -1.576274582891869E-017
  1.561251128379126E-017 -3.208646040445322E-017  7.296421660990687E-017
  4.020296449892808E-017  3.682302957580333E-017 -1.127570259384925E-017
  2.429947113094296E-017 -5.313177944878238E-017 -3.759924202837436E-017
  9.218961155747569E-004 -9.593412965262139E-022  1.760649420365579E-021
  0.000000000000000E+000  3.181047908549997E-022 -4.728011639818986E-022
  4.235164736271502E-022  1.690866869739934E-018 -8.131516293641283E-020
  8.641611754219078E-019 -3.434751435167687E-018 -1.098828053659622E-018
 -1.076311466712880E-018  9.486769009248164E-020 -7.049623057623716E-019
  2.995509852359567E-018  1.024553089725549E-018   1.12414902906256     
 -2.435158813800207E-015  5.656676592910393E-016 -5.802728601669440E-002
  6.271470962673777E-017 -1.464193910602736E-017  6.055670135217842E-015
  9.200166822791200E-016  3.526211611427011E-015 -8.039817773699634E-015
   1.45539835410744      -4.656906829291424E-015 -7.072371651058428E-016
 -2.715863827572520E-015  6.192573130930909E-015  -1.11933161475236     
   1.12414902906256      -1.128817091883283E-015  6.269309548905716E-017
 -5.802728601669442E-002  2.916207382454468E-017 -8.090665510667415E-016
  4.399150314859934E-016   1.45539835410744       2.020360478139586E-015
  1.057406459555379E-015  6.247378016466956E-016 -3.378645020007953E-016
  -1.11933161475236      -1.550587850044850E-015 -8.148004461138448E-016
   1.12414902906256      -1.461625924379826E-017  2.915086358662091E-017
 -5.802728601669441E-002 -3.566068776601976E-015   1.45539835410744     
 -4.528949016219854E-015  6.000715630912170E-015  2.298692296761929E-015
  2.738860536550226E-015  -1.11933161475236       3.474941837862356E-015
 -4.610360816334515E-015 -1.763652412628707E-015  8.725818199420024E-004
 -1.878423178295390E-018  4.377775563355305E-019 -1.735819755773391E-016
 -2.617962866285456E-017 -1.018921949600315E-016  2.320289748949833E-016
 -4.147097006722950E-002  1.365867839119534E-016  2.057210123090795E-017
  8.033334478882643E-017 -1.828668808767588E-016  3.263745008740514E-002
  8.725818199420030E-004 -8.789555014539468E-019  2.427417272239818E-017
 -1.260014448599975E-017 -4.147097006722961E-002 -5.734001524200301E-017
 -3.060847321756051E-017 -1.921966062274957E-017  9.889003780075550E-018
  3.263745008740519E-002  4.505222879251271E-017  2.406716458352791E-017
  8.725818199420026E-004  1.007820906081215E-016 -4.147097006722968E-002
  1.272205046252490E-016 -1.689532411844882E-016 -6.426298133254448E-017
 -7.924636100538816E-017  3.263745008740521E-002 -9.990306050696021E-017
  1.327760710762080E-016  5.042593596529325E-017  0.242875135918729     
 -4.165516033816510E-015 -1.155857273801702E-015  3.465347404594619E-016
  7.344951632663958E-015 -0.374019843497346       3.239456940686750E-015
  9.055305536046270E-016 -2.916058858313857E-016 -5.716991150545726E-015
  0.862511976101482      -3.898702116249746E-015  7.005916410045501E-015
  3.323438569381937E-015  3.239023259817756E-015  -1.34270313876194     
  3.028937270600356E-015 -5.448010489159887E-015 -2.584862551165323E-015
  0.862511976101480       2.620988792351896E-015  7.364347826977932E-015
  9.040762871471819E-016  3.028938753535575E-015  -1.34270313876194     
 -2.035686811962048E-015 -5.734022863270021E-015  0.242875135918728     
 -1.021497800210628E-014 -3.068831835856503E-016 -5.448389959920257E-015
 -2.034760283647826E-015 -0.374019843497346       7.957141786123737E-015
  0.862511976101477      -5.721882819787812E-015 -2.586164058911504E-015
 -5.731836713895045E-015  7.956839794483891E-015  -1.34270313876193     
  0.144136527045274      -2.528280018043783E-015 -7.065226040217041E-016
  1.961361150205667E-016  4.464785824199500E-015  0.523905510114406     
 -2.364271944485507E-015  4.249795542199490E-015  2.013702002186424E-015
  0.523905510114405       1.582965853824680E-015  4.481095745765713E-015
  0.144136527045274      -6.212143408401645E-015  0.523905510114404     
   1.57012232536141      -5.673735558623026E-002  4.707867071832692E-019
 -2.816602750901402E-019  6.505213034913027E-019 -7.877280840324267E-021
  8.596134825907066E-021  6.776263578034403E-021 -2.618148472041634E-017
  1.561251128379126E-017 -3.255946849122521E-017  7.861939796622618E-017
  4.107354226941536E-017  3.943598964214283E-017 -1.214306433183765E-017
  2.434133101956736E-017 -6.269088332061197E-017 -3.584068375761181E-017
  9.218961155747568E-004 -7.106537726822900E-022 -5.107234956683898E-021
 -8.470329472543003E-022 -1.166727371002294E-021  4.802384343590016E-023
 -6.352747104407253E-022  1.569234680044397E-018 -8.131516293641283E-020
  8.117788386320974E-019 -3.340451336257009E-018 -1.047111706335346E-018
 -1.239255513264031E-018  1.084202172485504E-019 -6.793443731158517E-019
  2.819849867127882E-018  1.133705005899604E-018   1.12414902906256     
 -2.435159059941223E-015  5.656677004396578E-016 -5.802728601669441E-002
  6.266728392361270E-017 -1.464192376813170E-017 -6.055727274692207E-015
 -9.200165017164179E-016 -3.525778198486480E-015  8.038956006269032E-015
  -1.45539835410744       4.655663120562450E-015  7.068031607272259E-016
  2.714129307922859E-015 -6.192809602492693E-015   1.11933161475236     
   1.12414902906256      -1.128817091883283E-015  6.272019177885749E-017
 -5.802728601669441E-002  2.917604986817438E-017  8.090671701388633E-016
 -4.416768600162824E-016  -1.45539835410744      -2.019277307753970E-015
 -1.057406192472502E-015 -6.238715490845566E-016  3.382981828697895E-016
   1.11933161475236       1.550589698671265E-015  8.148002414482591E-016
   1.12414902906256      -1.460951984264982E-017  2.915721955522098E-017
 -5.802728601669441E-002  3.566366200352547E-015  -1.45539835410744     
  4.528114431513295E-015 -5.998355711989194E-015 -2.298697312784907E-015
 -2.739212279607160E-015   1.11933161475236      -3.475802194601622E-015
  4.610088042650276E-015  1.763874674806250E-015  8.725818199420024E-004
 -1.876729822803635E-018  4.377777263925020E-019  1.735620016653930E-016
  2.618981935907420E-017  1.018855457708470E-016 -2.320290400642202E-016
  4.147097006722956E-002 -1.365934856524879E-016 -2.057211399415781E-017
 -8.029955651923899E-017  1.828733984738759E-016 -3.263745008740512E-002
  8.725818199420032E-004 -8.772614355594382E-019 -2.430118760235856E-017
  1.260035624423657E-017  4.147097006722962E-002  5.733986495141675E-017
  3.060839788061668E-017  1.919251180872360E-017 -9.915791197032467E-018
 -3.263745008740519E-002 -4.500472201461009E-017 -2.406711235192942E-017
  8.725818199420024E-004 -1.007716045287155E-016  4.147097006722966E-002
 -1.272127956656428E-016  1.689865561962107E-016  6.426957195147028E-017
  7.925191325971161E-017 -3.263745008740523E-002  9.990265096009479E-017
 -1.327568456406091E-016 -5.043935326592533E-017  0.242875135918729     
 -4.164882847436213E-015 -1.155864793601059E-015  3.331011845268852E-016
  7.342842333419030E-015 -0.374019843497346       3.239473024962675E-015
  9.048885298530724E-016 -2.903136758244551E-016 -5.718743151596529E-015
  0.862511976101482      -3.898333596896638E-015  7.008222126146380E-015
  3.323886319230355E-015  3.239798285614421E-015  -1.34270313876194     
  3.028130969316242E-015 -5.446465203136325E-015 -2.582273462929842E-015
  0.862511976101480       2.623817457274310E-015  7.364355435838334E-015
  9.049481089913753E-016  3.028130468815654E-015  -1.34270313876194     
 -2.034719944792461E-015 -5.734029937221569E-015  0.242875135918728     
 -1.021753859147927E-014 -3.034256083030684E-016 -5.449663599545157E-015
 -2.035419170589864E-015 -0.374019843497346       7.956478674638721E-015
  0.862511976101477      -5.719699708082211E-015 -2.583574873113460E-015
 -5.734445918697888E-015  7.956710156231320E-015  -1.34270313876193     
  0.144136527045274      -2.528348681330185E-015 -7.071793601868891E-016
  2.061190490285406E-016  4.465602837254383E-015  0.523905510114407     
 -2.365192034482777E-015  4.249494370177375E-015  2.015448244911569E-015
  0.523905510114405       1.583408190003630E-015  4.480451531387543E-015
  0.144136527045274      -6.211626478259043E-015  0.523905510114404     
